RUN = [
      0          0      12099     136533     124434    3
      9          0        535     136533     135999    9
     18          9        979     136533     135554   14
     27         66       6097     136533     130437   18
     36        217      16306     136533     120228   21
     45        474      28014     136533     108519   24
     54        856      41807     136533      94727   25
     63       1351      54417     136533      82116   27
     72       1952      66232     136533      70302   28
     81       2648      76843     136533      59691   29
     90       3433      86764     136533      49770   30
     99       4297      95592     136533      40942   30
    108       5232     103522     136533      33011   30
    117       6224     109926     136533      26607   30
    126       7267     115625     136533      20908   31
    135       8361     121293     136533      15240   30
    144       9491     125367     136533      11166   30
    153      10637     127246     136533       9287   30
    162      11791     128179     136533       8354   31
    171      12961     129920     136533       6614   31
    180      14150     132014     136533       4519   31
    189      15359     134231     136533       2302   30
    198      16584     136028     136533        505   30
    207      17809     136107     136533        426   30
    216      19027     135368     136533       1166   30
    225      20236     134379     136533       2154   31
    234      21448     134654     136533       1879   31
    243      22670     135728     136533        805   30
    252      23902     136838     136533       -304   30
    261      25139     137418     136533       -884   30
    270      26372     137018     136533       -485   30
    279      27593     135726     136533        807   30
    288      28805     134714     136533       1820   31
    297      30022     135200     136533       1334   31
    306      31249     136283     136533        250   30
    315      32485     137287     136533       -754   30
    324      33721     137331     136533       -798   30
    333      34951     136696     136533       -163   30
    342      36168     135287     136533       1246   31
    351      37387     135438     136533       1096   31
    360      38616     136506     136533         27   30
    369      39849     136978     136533       -445   30
    378      41085     137318     136533       -784   30
    387      42320     137226     136533       -693   30
    396      43546     136267     136533        267   30
    405      44760     134950     136533       1584   31
    414      45979     135423     136533       1111   31
    423      47209     136612     136533        -78   31
    432      48453     138151     136533      -1618   30
    441      49704     138962     136533      -2429   30
    450      50950     138467     136533      -1934   30
    459      52182     136959     136533       -425   30
    468      53405     135936     136533        597   30
    477      54627     135785     136533        749   30
    486      55848     135672     136533        861   30
    495      57073     136092     136533        442   30
    504      58302     136535     136533         -2   30
    513      59528     136236     136533        297   30
    522      60741     134842     136533       1691   31
    531      61957     135099     136533       1434   31
    540      63187     136597     136533        -64   30
    549      64422     137195     136533       -661   30
    558      65661     137646     136533      -1112   30
    567      66899     137560     136533      -1026   30
    576      68128     136600     136533        -67   30
    585      69346     135389     136533       1144   31
    594      70569     135867     136533        667   31
    603      71803     137056     136533       -523   30
    612      73043     137746     136533      -1213   30
    621      74283     137776     136533      -1243   30
    630      75519     137353     136533       -820   30
    639      76740     135741     136533        792   30
    648      77955     135033     136533       1501   31
    657      79176     135639     136533        895   31
    666      80408     136834     136533       -300   30
    675      81648     137736     136533      -1203   30
    684      82885     137457     136533       -924   30
    693      84114     136595     136533        -62   30
    702      85327     134858     136533       1675   31
    711      86540     134781     136533       1752   31
    720      87766     136159     136533        375   31
    729      88999     136963     136533       -429   30
    738      90240     137848     136533      -1315   30
    747      91476     137356     136533       -823   30
    756      92701     136166     136533        367   30
    765      93914     134839     136533       1694   31
    774      95133     135418     136533       1116   31
    783      96361     136399     136533        134   31
    792      97600     137611     136533      -1077   30
    801      98844     138195     136533      -1662   30
    810     100081     137478     136533       -944   30
    819     101303     135853     136533        680   31
    828     102524     135675     136533        858   31
    837     103757     136941     136533       -408   30
    846     104991     137104     136533       -570   30
    855     106223     136898     136533       -365   30
    864     107455     136889     136533       -356   30
    873     108680     136146     136533        388   30
    882     109891     134626     136533       1908   31
    891     111108     135196     136533       1337   31
    900     112338     136602     136533        -68   30
    909     113571     136982     136533       -449   30
    918     114805     137105     136533       -572   30
    927     116037     136898     136533       -365   30
    936     117258     135721     136533        812   31
    945     118472     134926     136533       1608   31
    954     119698     136165     136533        368   31
    963     120933     137175     136533       -642   30
    972     122171     137539     136533      -1005   30
    981     123408     137449     136533       -915   30
    990     124640     136914     136533       -380   30
    999     125859     135509     136533       1024   31
   1008     127077     135341     136533       1192   31
   1017     128309     136820     136533       -287   30
   1026     129545     137311     136533       -777   30
   1035     130779     137120     136533       -587   30
   1044     132012     137005     136533       -472   30
   1053     133239     136363     136533        170   31
   1062     134459     135591     136533        942   31
   1071     135689     136619     136533        -86   30
   1080     136924     137196     136533       -662   30
   1089     138154     136690     136533       -157   30
   1098     139385     136774     136533       -241   30
   1107     140613     136459     136533         74   30
   1116     141831     135383     136533       1150   31
   1125     143045     134911     136533       1623   31
   1134     144273     136377     136533        157   31
   1143     145511     137503     136533       -970   30
   1152     146753     137978     136533      -1445   30
   1161     147995     137999     136533      -1466   30
   1170     149230     137257     136533       -723   30
   1179     150450     135631     136533        903   31
   1188     151671     135665     136533        868   31
   1197     152903     136835     136533       -301   30
   1206     154139     137311     136533       -778   30
   1215     155372     137014     136533       -480   30
   1224     156604     136894     136533       -361   30
