RUN = [
      0          0      12081     273067     260986    8
      9          5       1065     273067     272002   20
     18         88       8862     273067     264205   28
     27        350      28216     273067     244850   34
     36        830      52223     273067     220843   40
     45       1562      80047     273067     193020   43
     54       2553     108782     273067     164284   46
     63       3783     135434     273067     137632   47
     72       5218     158383     273067     114683   49
     81       6839     179151     273067      93916   50
     90       8626     197698     273067      75369   50
     99      10541     212111     273067      60955   51
    108      12565     224324     273067      48742   51
    117      14680     234528     273067      38538   51
    126      16870     242944     273067      30122   51
    135      19110     248626     273067      24440   51
    144      21394     253550     273067      19517   52
    153      23721     258334     273067      14732   52
    162      26084     262369     273067      10698   51
    171      28468     264778     273067       8289   51
    180      30866     266371     273067       6696   52
    189      33283     268459     273067       4608   51
    198      35707     269295     273067       3772   51
    207      38134     269650     273067       3416   52
    216      40577     271365     273067       1702   51
    225      43022     271653     273067       1413   51
    234      45464     271347     273067       1719   52
    243      47915     272290     273067        777   51
    252      50372     272969     273067         98   51
    261      52820     272043     273067       1024   52
    270      55273     272533     273067        534   51
    279      57734     273404     273067       -337   51
    288      60185     272381     273067        686   52
    297      62639     272654     273067        413   52
    306      65107     274153     273067      -1086   51
    315      67573     274007     273067       -940   51
    324      70031     273151     273067        -84   51
    333      72489     273113     273067        -46   51
    342      74945     272899     273067        168   51
    351      77393     272040     273067       1027   52
    360      79845     272427     273067        640   52
    369      82311     273930     273067       -864   51
    378      84773     273572     273067       -505   51
    387      87227     272707     273067        360   51
    396      89681     272668     273067        398   51
    405      92129     272030     273067       1037   52
    414      94575     271789     273067       1278   52
    423      97034     273159     273067        -92   51
    432      99493     273219     273067       -153   51
    441     101943     272266     273067        800   52
    450     104396     272543     273067        524   52
    459     106862     273936     273067       -869   51
    468     109321     273254     273067       -187   52
    477     111780     273224     273067       -157   51
    486     114242     273541     273067       -474   51
    495     116695     272599     273067        468   52
    504     119146     272345     273067        722   52
    513     121606     273290     273067       -223   51
    522     124066     273331     273067       -265   51
    531     126515     272165     273067        902   52
    540     128965     272220     273067        847   52
    549     131427     273497     273067       -430   51
    558     133882     272810     273067        257   52
    567     136336     272673     273067        394   52
    576     138801     273835     273067       -768   51
    585     141261     273356     273067       -289   52
    594     143718     273016     273067         51   52
    603     146183     273850     273067       -784   51
    612     148649     273993     273067       -927   51
    621     151103     272725     273067        341   52
    630     153556     272563     273067        504   52
    639     156019     273618     273067       -551   51
    648     158475     272921     273067        146   52
    657     160929     272678     273067        389   52
    666     163393     273729     273067       -663   51
    675     165851     273138     273067        -72   51
    684     168300     272157     273067        910   52
    693     170752     272432     273067        635   52
    702     173210     273081     273067        -14   52
    711     175668     273110     273067        -43   52
    720     178130     273536     273067       -469   51
    729     180594     273767     273067       -700   51
    738     183043     272184     273067        882   52
    747     185492     272114     273067        952   52
    756     187950     273067     273067         -0   52
    765     190409     273215     273067       -149   52
    774     192870     273434     273067       -368   52
    783     195337     274081     273067      -1015   51
    792     197800     273685     273067       -618   51
    801     200250     272287     273067        780   52
    810     202700     272225     273067        842   52
    819     205159     273178     273067       -111   52
    828     207616     273008     273067         59   52
    837     210075     273213     273067       -146   52
    846     212542     274071     273067      -1005   51
    855     215002     273366     273067       -299   51
    864     217452     272273     273067        794   52
    873     219904     272437     273067        630   52
    882     222362     273081     273067        -15   52
    891     224822     273322     273067       -256   52
    900     227285     273651     273067       -585   51
    909     229750     273878     273067       -812   51
    918     232201     272402     273067        665   52
    927     234652     272336     273067        730   52
    936     237113     273395     273067       -329   51
    945     239568     272805     273067        262   52
    954     242020     272460     273067        606   52
    963     244480     273295     273067       -228   52
    972     246944     273756     273067       -690   51
    981     249401     273033     273067         33   52
    990     251858     273001     273067         65   52
    999     254323     273850     273067       -783   51
   1008     256780     273038     273067         29   52
   1017     259235     272789     273067        277   52
   1026     261699     273734     273067       -667   51
   1035     264157     273139     273067        -72   51
   1044     266607     272263     273067        804   52
   1053     269059     272436     273067        630   52
   1062     271518     273187     273067       -121   52
   1071     273978     273327     273067       -260   51
   1080     276438     273333     273067       -266   51
   1089     278895     273015     273067         52   52
   1098     281347     272470     273067        597   52
   1107     283805     273083     273067        -16   52
   1116     286272     274066     273067       -999   51
   1125     288732     273366     273067       -299   51
   1134     291185     272591     273067        475   52
   1143     293640     272770     273067        297   52
   1152     296102     273521     273067       -454   51
   1161     298558     272917     273067        150   52
   1170     301016     273103     273067        -36   51
   1179     303476     273323     273067       -256   51
   1188     305925     272165     273067        902   52
   1197     308375     272220     273067        847   52
   1206     310834     273178     273067       -111   52
   1215     313296     273539     273067       -472   51
   1224     315754     273130     273067        -63   52
